Texas
2.835
0.577
0.223
0.377
0.459
0.403
Anderson
4.889
0.557
0.138
0.475
0.412
0.461
Andrews
2.048
0.486
0.108
0.339
0.349
0.352
Angelina
3.534
0.515
0.195
0.516
0.448
0.441
Aransas
3.070
0.573
0.180
0.334
0.404
0.522
Archer
5.967
0.603
0.123
0.431
0.603
0.361
Armstrong
0.550
0.570
0.330
0.203
0.462
0.354
Atascosa
6.983
0.587
0.091
0.451
0.410
0.436
Austin
5.903
0.594
0.111
0.420
0.535
0.379
Bailey
0.779
0.538
0.236
0.241
0.405
0.367
Bandera
6.551
0.565
0.085
0.373
0.529
0.387
Bastrop
1.739
0.493
0.291
0.524
0.465
0.293
Baylor
0.635
0.404
0.135
0.134
0.440
0.403
Bee
7.086
0.773
0.102
0.351
0.413
0.484
Bell
1.036
0.281
0.496
0.680
0.447
0.463
Bexar
1.156
0.261
0.530
0.884
0.521
0.391
Blanco
1.374
0.238
0.237
0.351
0.691
0.438
Borden
0.417
0.665
0.139
0.133
0.386
0.396
Bosque
6.477
0.586
0.114
0.423
0.554
0.424
Bowie
2.191
0.488
0.312
0.519
0.458
0.454
Brazoria
2.694
0.662
0.602
0.776
0.524
0.549
Brazos
1.739
0.497
0.323
0.531
0.426
0.357
Brewster
5.862
0.642
0.151
0.360
0.590
0.511
Briscoe
2.225
0.678
0.237
0.289
0.529
0.394
Brooks
-0.129
0.557
0.270
0.228
0.165
0.408
Brown
3.701
0.535
0.159
0.414
0.578
0.350
Burleson
4.754
0.647
0.128
0.337
0.511
0.420
Burnet
4.301
0.585
0.203
0.431
0.596
0.477
Caldwell
2.825
0.465
0.138
0.403
0.509
0.312
Calhoun
2.808
0.505
0.217
0.435
0.429
0.490
Callahan
3.683
0.564
0.159
0.384
0.537
0.389
Cameron
4.001
0.575
0.334
0.702
0.384
0.690
Camp
1.030
0.623
0.278
0.244
0.467
0.362
Carson
2.129
0.762
0.468
0.380
0.635
0.426
Cass
2.324
0.565
0.206
0.380
0.402
0.425
Castro
1.560
0.558
0.203
0.233
0.324
0.533
Chambers
1.567
0.615
0.571
0.511
0.440
0.500
Cherokee
4.782
0.528
0.133
0.506
0.393
0.441
Childress
0.866
0.375
0.198
0.239
0.481
0.356
Clay
8.308
0.662
0.108
0.413
0.674
0.380
Cochran
-0.606
0.487
0.247
0.030
0.396
0.339
Coke
0.272
0.594
0.102
0.270
0.228
0.357
Coleman
2.797
0.700
0.133
0.229
0.501
0.380
Collin
2.168
0.699
0.549
0.678
0.527
0.351
Collingsworth
1.058
0.629
0.250
0.168
0.644
0.288
Colorado
6.818
0.589
0.095
0.379
0.559
0.403
Comal
0.981
0.290
0.380
0.505
0.595
0.313
Comanche
4.608
0.679
0.115
0.338
0.433
0.417
Concho
3.620
0.719
0.102
0.208
0.502
0.396
Cooke
4.780
0.606
0.135
0.471
0.496
0.339
Coryell
5.613
0.624
0.143
0.445
0.446
0.497
Cottle
0.341
0.688
0.315
0.228
0.387
0.320
Crane
1.158
0.563
0.143
0.159
0.435
0.413
Crockett
6.122
0.543
0.102
0.304
0.581
0.489
Crosby
2.219
0.472
0.147
0.292
0.476
0.397
Culberson
0.754
0.670
0.214
0.187
0.456
0.344
Dallam
1.140
0.658
0.299
0.258
0.509
0.338
Dallas
1.232
0.635
0.844
0.789
0.485
0.236
Dawson
2.599
0.591
0.097
0.295
0.463
0.298
Deaf Smith
1.506
0.475
0.200
0.304
0.455
0.377
Delta
0.881
0.673
0.289
0.227
0.376
0.421
Denton
2.632
0.676
0.512
0.711
0.493
0.460
DeWitt
4.451
0.517
0.102
0.298
0.475
0.468
Dickens
0.061
0.674
0.212
0.091
0.403
0.401
Dimmit
5.251
0.466
0.080
0.328
0.475
0.443
Donley
1.274
0.730
0.345
0.315
0.527
0.295
Duval
1.758
0.548
0.108
0.327
0.275
0.380
Eastland
3.250
0.471
0.120
0.354
0.491
0.374
Ector
1.459
0.581
0.382
0.507
0.448
0.296
Edwards
0.592
0.498
0.118
0.205
0.385
0.341
El Paso
2.536
0.637
0.417
0.709
0.443
0.367
Ellis
2.991
0.711
0.446
0.716
0.538
0.371
Erath
8.733
0.698
0.116
0.452
0.558
0.469
Falls
2.417
0.523
0.155
0.326
0.405
0.426
Fannin
6.984
0.647
0.115
0.452
0.501
0.428
Fayette
6.177
0.451
0.091
0.423
0.584
0.395
Fisher
1.176
0.569
0.174
0.183
0.475
0.382
Floyd
2.534
0.596
0.238
0.212
0.552
0.553
Foard
0.790
0.464
0.096
0.249
0.308
0.364
Fort Bend
3.545
0.644
0.411
0.785
0.580
0.420
Franklin
0.984
0.718
0.231
0.271
0.393
0.334
Freestone
2.167
0.511
0.198
0.406
0.432
0.370
Frio
4.964
0.632
0.085
0.335
0.378
0.419
Gaines
2.636
0.546
0.135
0.294
0.487
0.370
Galveston
1.257
0.610
0.753
0.608
0.472
0.408
Garza
0.911
0.469
0.251
0.219
0.520
0.359
Gillespie
5.654
0.513
0.132
0.385
0.691
0.436
Glasscock
0.417
0.603
0.195
0.162
0.386
0.384
Goliad
2.783
0.540
0.126
0.277
0.409
0.452
Gonzales
5.614
0.622
0.075
0.356
0.378
0.400
Gray
-0.014
0.638
0.262
0.210
0.478
0.202
Grayson
5.524
0.615
0.180
0.685
0.512
0.320
Gregg
0.785
0.564
0.613
0.396
0.561
0.283
Grimes
1.601
0.529
0.237
0.372
0.468
0.328
Guadalupe
2.822
0.578
0.253
0.557
0.476
0.331
Hale
3.020
0.631
0.252
0.317
0.496
0.563
Hall
0.691
0.559
0.235
0.126
0.484
0.408
Hamilton
3.915
0.599
0.131
0.311
0.484
0.439
Hansford
1.306
0.649
0.262
0.340
0.450
0.299
Hardeman
1.224
0.390
0.108
0.235
0.453
0.335
Hardin
1.725
0.594
0.357
0.365
0.546
0.403
Harris
1.345
0.611
0.758
0.837
0.491
0.192
Harrison
2.173
0.605
0.356
0.523
0.432
0.422
Hartley
1.316
0.722
0.233
0.319
0.440
0.289
Haskell
3.094
0.513
0.119
0.214
0.492
0.482
Hays
0.943
0.301
0.454
0.587
0.557
0.310
Hemphill
0.609
0.575
0.393
0.251
0.489
0.320
Henderson
5.915
0.606
0.141
0.536
0.439
0.441
Hidalgo
2.938
0.548
0.485
0.731
0.390
0.767
Hill
4.291
0.477
0.136
0.470
0.459
0.436
Hockley
3.576
0.684
0.178
0.387
0.519
0.357
Hood
2.698
0.588
0.280
0.469
0.535
0.399
Hopkins
6.848
0.630
0.104
0.425
0.559
0.367
Houston
2.119
0.595
0.273
0.407
0.394
0.453
Howard
4.099
0.598
0.146
0.322
0.465
0.502
Hudspeth
3.255
0.617
0.080
0.316
0.256
0.438
Hunt
2.584
0.568
0.243
0.576
0.384
0.331
Hutchinson
1.115
0.629
0.264
0.318
0.486
0.271
Irion
1.992
0.712
0.240
0.245
0.433
0.475
Jack
2.441
0.672
0.132
0.297
0.423
0.348
Jackson
5.510
0.586
0.121
0.337
0.538
0.481
Jasper
1.900
0.586
0.371
0.431
0.463
0.465
Jeff Davis
1.305
0.386
0.143
0.292
0.318
0.439
Jefferson
2.005
0.534
0.530
0.698
0.521
0.449
Jim Hogg
1.029
0.606
0.262
0.219
0.470
0.381
Jim Wells
3.181
0.572
0.109
0.328
0.392
0.391
Johnson
2.782
0.600
0.359
0.595
0.515
0.434
Jones
4.895
0.645
0.116
0.266
0.520
0.468
Karnes
3.957
0.618
0.098
0.320
0.406
0.398
Kaufman
2.182
0.688
0.446
0.547
0.506
0.392
Kendall
4.833
0.456
0.144
0.432
0.678
0.423
Kenedy
2.512
0.656
0.117
0.304
0.273
0.447
Kent
0.166
0.709
0.308
0.214
0.270
0.395
Kerr
6.409
0.450
0.098
0.487
0.550
0.412
Kimble
4.393
0.496
0.134
0.208
0.747
0.474
King
0.943
0.861
0.324
0.215
0.452
0.363
Kinney
1.693
0.542
0.097
0.315
0.225
0.416
Kleberg
3.410
0.600
0.124
0.314
0.379
0.458
Knox
4.216
0.647
0.129
0.338
0.490
0.398
La Salle
-0.964
0.629
0.090
0.176
0.292
0.333
Lamar
4.756
0.589
0.169
0.481
0.511
0.439
Lamb
2.592
0.681
0.157
0.246
0.480
0.406
Lampasas
4.618
0.573
0.111
0.336
0.526
0.393
Lavaca
6.844
0.568
0.098
0.357
0.618
0.414
Lee
4.309
0.600
0.101
0.337
0.519
0.328
Leon
4.069
0.625
0.146
0.434
0.457
0.363
Liberty
2.381
0.568
0.316
0.508
0.467
0.428
Limestone
3.567
0.637
0.176
0.398
0.468
0.408
Lipscomb
1.241
0.774
0.334
0.332
0.375
0.371
Live Oak
7.268
0.560
0.094
0.384
0.547
0.458
Llano
5.349
0.576
0.101
0.381
0.482
0.396
Loving
1.779
0.787
0.092
0.223
0.308
0.411
Lubbock
1.818
0.545
0.492
0.599
0.495
0.437
Lynn
3.234
0.711
0.207
0.340
0.448
0.469
Madison
1.661
0.645
0.148
0.243
0.442
0.352
Marion
0.781
0.431
0.249
0.256
0.341
0.447
Martin
1.494
0.543
0.157
0.227
0.528
0.321
Mason
3.040
0.394
0.130
0.323
0.592
0.400
Matagorda
2.677
0.545
0.256
0.440
0.431
0.503
Maverick
3.521
0.677
0.143
0.446
0.269
0.419
McCulloch
3.778
0.558
0.098
0.275
0.414
0.456
McLennan
3.588
0.539
0.326
0.691
0.534
0.521
McMullen
-0.695
0.624
0.110
0.213
0.233
0.347
Medina
4.297
0.423
0.121
0.490
0.491
0.388
Menard
1.540
0.523
0.191
0.209
0.528
0.394
Midland
1.660
0.623
0.314
0.461
0.443
0.299
Milam
3.343
0.505
0.128
0.400
0.458
0.357
Mills
2.185
0.506
0.178
0.323
0.456
0.412
Mitchell
2.219
0.558
0.134
0.257
0.439
0.400
Montague
2.572
0.575
0.142
0.320
0.422
0.388
Montgomery
1.539
0.614
0.590
0.644
0.496
0.320
Moore
1.442
0.584
0.357
0.423
0.423
0.376
Morris
0.852
0.627
0.271
0.231
0.446
0.357
Motley
0.398
0.547
0.245
0.187
0.412
0.354
Nacogdoches
3.253
0.519
0.157
0.425
0.413
0.424
Navarro
2.113
0.636
0.324
0.498
0.434
0.364
Newton
0.860
0.556
0.272
0.262
0.357
0.415
Nolan
2.486
0.458
0.152
0.407
0.455
0.344
Nueces
2.518
0.639
0.465
0.699
0.477
0.419
Ochiltree
1.168
0.623
0.289
0.283
0.451
0.367
Oldham
0.684
0.860
0.328
0.278
0.382
0.313
Orange
0.848
0.501
0.624
0.446
0.458
0.394
Palo Pinto
3.404
0.611
0.171
0.455
0.411
0.378
Panola
2.427
0.512
0.186
0.395
0.378
0.443
Parker
4.123
0.647
0.253
0.630
0.528
0.366
Parmer
3.377
0.651
0.174
0.342
0.412
0.480
Pecos
4.720
0.590
0.157
0.502
0.512
0.372
Polk
1.733
0.558
0.336
0.481
0.322
0.459
Potter
1.500
0.471
0.477
0.482
0.607
0.424
Presidio
4.401
0.596
0.098
0.343
0.337
0.466
Rains
3.426
0.610
0.139
0.355
0.530
0.322
Randall
1.625
0.593
0.474
0.408
0.594
0.425
Reagan
1.490
0.559
0.188
0.196
0.525
0.385
Real
2.888
0.609
0.086
0.199
0.407
0.439
Red River
1.089
0.639
0.262
0.298
0.359
0.385
Reeves
2.043
0.605
0.110
0.292
0.425
0.308
Refugio
3.961
0.631
0.116
0.266
0.443
0.468
Roberts
0.382
0.689
0.349
0.187
0.470
0.314
Robertson
2.598
0.600
0.173
0.355
0.405
0.410
Rockwall
1.656
0.706
0.476
0.333
0.609
0.420
Runnels
2.629
0.684
0.231
0.220
0.546
0.500
Rusk
2.966
0.586
0.209
0.507
0.407
0.368
Sabine
2.456
0.464
0.127
0.327
0.305
0.490
San Augustine
1.390
0.421
0.132
0.205
0.344
0.494
San Jacinto
1.294
0.542
0.263
0.275
0.347
0.493
San Patricio
3.860
0.615
0.189
0.489
0.402
0.444
San Saba
2.593
0.626
0.161
0.188
0.625
0.382
Schleicher
2.540
0.458
0.113
0.229
0.497
0.423
Scurry
2.706
0.674
0.149
0.324
0.413
0.375
Shackelford
1.336
0.718
0.247
0.292
0.336
0.415
Shelby
1.991
0.565
0.144
0.340
0.287
0.422
Sherman
0.740
0.625
0.244
0.239
0.444
0.317
Smith
2.703
0.590
0.366
0.630
0.532
0.387
Somervell
2.255
0.370
0.175
0.341
0.529
0.455
Starr
4.902
0.581
0.174
0.473
0.193
0.745
Stephens
0.471
0.447
0.262
0.188
0.465
0.351
Sterling
3.273
0.683
0.170
0.244
0.611
0.392
Stonewall
0.292
0.490
0.291
0.048
0.554
0.389
Sutton
1.267
0.400
0.230
0.225
0.591
0.393
Swisher
2.365
0.637
0.208
0.251
0.382
0.550
Tarrant
1.406
0.633
0.683
0.717
0.497
0.255
Taylor
2.963
0.633
0.312
0.559
0.511
0.394
Terrell
-0.068
0.786
0.169
0.245
0.207
0.376
Terry
2.306
0.630
0.114
0.305
0.377
0.351
Throckmorton
2.527
0.531
0.109
0.194
0.442
0.461
Titus
3.436
0.558
0.152
0.454
0.413
0.371
Tom Green
4.164
0.389
0.156
0.530
0.556
0.473
Travis
0.856
0.207
0.489
0.844
0.514
0.308
Trinity
2.014
0.626
0.201
0.310
0.381
0.436
Tyler
1.388
0.563
0.276
0.371
0.370
0.392
Upshur
3.405
0.515
0.151
0.406
0.510
0.369
Upton
4.293
0.531
0.107
0.292
0.448
0.492
Uvalde
9.970
0.611
0.067
0.378
0.484
0.460
Val Verde
7.901
0.617
0.082
0.485
0.424
0.375
Van Zandt
6.769
0.634
0.099
0.444
0.492
0.369
Victoria
6.348
0.533
0.141
0.512
0.541
0.510
Walker
2.458
0.548
0.223
0.422
0.463
0.391
Waller
1.823
0.555
0.311
0.417
0.508
0.371
Ward
2.833
0.522
0.099
0.351
0.396
0.334
Washington
2.064
0.386
0.225
0.356
0.541
0.484
Webb
8.063
0.626
0.133
0.725
0.399
0.404
Wharton
8.445
0.518
0.079
0.453
0.505
0.444
Wheeler
0.566
0.631
0.322
0.253
0.436
0.309
Wichita
2.513
0.560
0.260
0.504
0.485
0.354
Wilbarger
4.432
0.654
0.098
0.255
0.472
0.430
Willacy
3.530
0.560
0.163
0.285
0.257
0.718
Williamson
1.566
0.270
0.368
0.725
0.558
0.451
Wilson
10.829
0.689
0.081
0.474
0.551
0.380
Winkler
-0.490
0.527
0.062
0.189
0.352
0.303
Wise
7.711
0.659
0.136
0.609
0.459
0.432
Wood
3.787
0.672
0.152
0.396
0.528
0.310
Yoakum
1.288
0.527
0.154
0.248
0.407
0.372
Young
4.115
0.630
0.133
0.381
0.527
0.333
Zapata
2.299
0.609
0.154
0.384
0.265
0.422
Zavala
0.176
0.477
0.110
0.255
0.191
0.401